148 0.0007977682568578989
524 0.0011409360123279262
459 0.0007977682568578989
282 0.0007977682568578989
232 0.0007977682568578989
382 0.0014841037677979475
133 0.0016861529662278044
808 0.0007977682568578989
96 0.0007977682568578989
260 0.0007977682568578989
108 0.0007977682568578989
479 0.0007977682568578989
774 0.0007977682568578989
47 0.0014841037677979672
512 0.0007977682568578989
633 0.0007977682568578989
460 0.0007977682568578989
855 0.0007977682568578989
711 0.0014841037677979626
6 0.0007977682568578989
3 0.0019267655050601263
5 0.0007977682568578989
276 0.0007977682568578989
641 0.0007977682568578989
63 0.0029497013691852365
291 0.002519454641079034
255 0.0021738133992730427
457 0.0032031058673144654
499 0.000798557148249784
33 0.0007977682568578989
102 0.000798557148249784
662 0.0007977682568578989
62 0.0014841037677979572
794 0.0007977682568578989
462 0.0007977682568578989
826 0.004479973292755561
379 0.000798557148249784
807 0.0007977682568578989
236 0.0012399801113820805
824 0.000798557148249784
575 0.0007977682568578989
624 0.0007977682568578989
23 0.0007977682568578989
339 0.0007977682568578989
66 0.0007977682568578989
478 0.0007977682568578989
595 0.0007977682568578989
587 0.0007977682568578989
205 0.0007977682568578989
281 0.0023424456311063775
218 0.0007977682568578989
225 0.0007977682568578989
101 0.0007977682568578989
482 0.0007977682568578989
628 0.001484103767797964
491 0.0014841037677979481
134 0.0007977682568578989
125 0.0007977682568578989
42 0.0007977682568578989
818 0.00146151524134887
162 0.0010107068471455632
817 0.0007977682568578989
70 0.0014841037677979598
355 0.0007977682568578989
561 0.001485571067982571
356 0.0007977682568578989
93 0.0007977682568578989
59 0.0014841037677979473
787 0.0007977682568578989
361 0.013958646804209204
472 0.000798557148249784
200 0.0007977682568578989
180 0.0027606549284208233
446 0.0014855710679825915
298 0.0007977682568578989
732 0.0007977682568578989
405 0.0007977682568578989
438 0.0007977682568578989
536 0.0007977682568578989
764 0.0007977682568578989
667 0.0007977682568578989
177 0.0007977682568578989
359 0.001631657680218697
728 0.0007977682568578989
109 0.0007977682568578989
122 0.0007977682568578989
145 0.0014841037677979663
104 0.000798557148249784
777 0.0032979904752823285
654 0.001484103767797948
563 0.0012147129685382877
173 0.0007977682568578989
761 0.0007977682568578989
564 0.0007977682568578989
366 0.0007977682568578989
507 0.006739055407138233
92 0.0007977682568578989
609 0.0007977682568578989
309 0.004819661461241028
683 0.0007977682568578989
24 0.0007977682568578989
560 0.0007977682568578989
319 0.0009693521345929111
596 0.0014841037677979629
280 0.0010658944704834432
520 0.0007977682568578989
404 0.0007977682568578989
242 0.0007977682568578989
222 0.0007977682568578989
469 0.0007977682568578989
614 0.000798557148249784
810 0.0007977682568578989
773 0.0014841037677979674
151 0.001413544489277848
406 0.0022207486230565437
142 0.005281486987813254
689 0.0016808423176922652
311 0.0021223793481093983
440 0.0011420641081161806
32 0.002702598234728383
279 0.0007977682568578989
204 0.0007977682568578989
448 0.000798557148249784
237 0.0018672940573538509
635 0.0009693521345929111
819 0.0007977682568578989
779 0.0007977682568578989
718 0.0007977682568578989
869 0.0007977682568578989
488 0.0007977682568578989
511 0.0007977682568578989
515 0.0007977682568578989
541 0.0007977682568578989
314 0.001975200337970359
547 0.001484103767797959
132 0.0007977682568578989
640 0.0011409360123279264
252 0.0014841037677979477
285 0.0007977682568578989
603 0.0011409360123279238
443 0.0014841037677979505
233 0.0007977682568578989
161 0.0007977682568578989
763 0.0014798216628577052
392 0.0009693521345929111
793 0.0007977682568578989
270 0.0007977682568578989
99 0.0010275617881607129
700 0.0007977682568578989
500 0.0007977682568578989
268 0.0007977682568578989
164 0.002597923555591271
661 0.00207431941748084
529 0.0007977682568578989
827 0.0011409360123279264
758 0.0007977682568578989
841 0.0007977682568578989
530 0.0007977682568578989
577 0.0007977682568578989
729 0.0007977682568578989
416 0.0007977682568578989
744 0.0007977682568578989
569 0.000798557148249784
409 0.0007977682568578989
116 0.0007977682568578989
590 0.0007977682568578989
111 0.0007977682568578989
821 0.0007977682568578989
228 0.004482641021545529
523 0.0009703106281829808
714 0.0007977682568578989
83 0.0007977682568578989
15 0.0007977682568578989
106 0.0007977682568578989
483 0.0007977682568578989
447 0.0007977682568578989
697 0.0014841037677979585
466 0.002599513676091014
234 0.0007977682568578989
135 0.000798557148249784
91 0.0014841037677979674
631 0.0007977682568578989
377 0.002417487172950859
532 0.0007977682568578989
67 0.0007977682568578989
671 0.0007977682568578989
792 0.0007977682568578989
768 0.000798557148249784
602 0.0007977682568578989
724 0.0007977682568578989
185 0.002383883763710399
669 0.0007977682568578989
18 0.0007977682568578989
421 0.0015183931352403422
158 0.0007977682568578989
809 0.0007977682568578989
788 0.000798557148249784
780 0.0007977682568578989
831 0.0007977682568578989
739 0.0012147129685382877
630 0.0007977682568578989
709 0.007499698661411798
781 0.000798557148249784
310 0.000798557148249784
574 0.0007977682568578989
412 0.0007977682568578989
487 0.0007977682568578989
250 0.0019465266743444434
172 0.0007977682568578989
159 0.000798557148249784
623 0.016873481528560323
49 0.0007977682568578989
834 0.0007977682568578989
121 0.0007977682568578989
315 0.0007977682568578989
703 0.0008958161869921915
176 0.0007977682568578989
474 0.0007977682568578989
154 0.0009350353590459086
649 0.000798557148249784
684 0.0007977682568578989
504 0.0015344131121165425
284 0.0007977682568578989
648 0.0016076277149043917
840 0.000798557148249784
496 0.00392917440542793
220 0.0007977682568578989
347 0.0020743194174808527
240 0.0007977682568578989
244 0.0007977682568578989
160 0.0007977682568578989
425 0.002074319417480841
746 0.0007977682568578989
789 0.0007977682568578989
27 0.0007977682568578989
613 0.0007977682568578989
264 0.0007977682568578989
722 0.000798557148249784
516 0.0014855710679825744
107 0.001140936012327926
480 0.0007977682568578989
179 0.0007977682568578989
190 0.000798557148249784
243 0.0007977682568578989
381 0.0007977682568578989
65 0.0014841037677979483
856 0.0011169060470136373
275 0.0007977682568578989
9 0.0007977682568578989
725 0.0021704392787379994
195 0.0007977682568578989
545 0.0018511842960904235
299 0.0007977682568578989
803 0.0007977682568578989
193 0.0007977682568578989
312 0.0007977682568578989
805 0.0007977682568578989
396 0.0007977682568578989
769 0.0014855710679825712
186 0.0007977682568578989
571 0.0007977682568578989
313 0.0011420641081161778
510 0.0007977682568578989
50 0.0007977682568578989
238 0.0007977682568578989
174 0.0020743194174808444
71 0.0007977682568578989
249 0.0007977682568578989
837 0.000798557148249784
304 0.002170439278737972
519 0.0013138175880493775
410 0.000798557148249784
713 0.000798557148249784
272 0.0007977682568578989
682 0.0007977682568578989
568 0.0007977682568578989
860 0.010650647794460984
201 0.00707829267278034
493 0.0007977682568578989
97 0.00291396941558971
300 0.0007977682568578989
168 0.0007977682568578989
652 0.0007977682568578989
36 0.0041361356900806116
688 0.0007977682568578989
136 0.0007977682568578989
782 0.0007977682568578989
503 0.001484103767797948
374 0.0014841037677979481
612 0.0007977682568578989
105 0.0007977682568578989
294 0.000798557148249784
375 0.0007977682568578989
124 0.000798557148249784
468 0.0007977682568578989
665 0.0007977682568578989
685 0.0007977682568578989
783 0.0007977682568578989
555 0.0020763616811805426
581 0.000798557148249784
742 0.0011169060470136373
210 0.0007977682568578989
395 0.0007977682568578989
368 0.0007977682568578989
851 0.000798557148249784
41 0.000798557148249784
431 0.01102571484721208
140 0.000798557148249784
721 0.000798557148249784
835 0.0007977682568578989
246 0.000798557148249784
216 0.0010062406126980924
391 0.0007977682568578989
21 0.0009703106281829808
422 0.0007977682568578989
114 0.0020763616811805418
790 0.0007977682568578989
126 0.001436043837169374
757 0.0017145757078935006
450 0.0007977682568578989
386 0.005330182781856217
265 0.0022939505539061114
828 0.000798557148249784
341 0.0007977682568578989
53 0.000798557148249784
747 0.000798557148249784
494 0.0007977682568578989
786 0.0007977682568578989
615 0.000798557148249784
666 0.000798557148249784
378 0.000798557148249784
533 0.0007977682568578989
576 0.000798557148249784
336 0.000798557148249784
750 0.0012293933793240234
527 0.000798557148249784
867 0.000798557148249784
663 0.0007977682568578989
209 0.0032754065616259166
559 0.0014841037677979622
118 0.0022480505820453222
295 0.000798557148249784
77 0.000798557148249784
485 0.0007977682568578989
181 0.000798557148249784
72 0.000798557148249784
865 0.0011409360123279244
736 0.0007977682568578989
437 0.0007977682568578989
414 0.000798557148249784
34 0.0007977682568578989
256 0.0007977682568578989
552 0.0010265467605045813
627 0.0007977682568578989
632 0.0007977682568578989
579 0.0007977682568578989
283 0.000798557148249784
328 0.0014841037677979505
679 0.0007977682568578989
55 0.000798557148249784
489 0.0007977682568578989
785 0.002715656232637827
755 0.0007977682568578989
749 0.0011249160354517315
402 0.001827271523267972
621 0.000798557148249784
335 0.0007977682568578989
144 0.0007977682568578989
191 0.0007977682568578989
681 0.0007977682568578989
857 0.0010275617881607135
12 0.0007977682568578989
139 0.0007977682568578989
120 0.0007977682568578989
868 0.0007977682568578989
248 0.001484103767797958
456 0.0007977682568578989
367 0.0014841037677979507
723 0.0007977682568578989
223 0.000798557148249784
258 0.0007977682568578989
48 0.0007977682568578989
813 0.0010265467605045813
346 0.0007977682568578989
548 0.0007977682568578989
427 0.0007977682568578989
64 0.0016316576802186762
765 0.0007977682568578989
354 0.0007977682568578989
94 0.0007977682568578989
797 0.000798557148249784
245 0.000798557148249784
45 0.0007977682568578989
702 0.0007977682568578989
616 0.0007977682568578989
198 0.000798557148249784
508 0.0007977682568578989
43 0.0007977682568578989
350 0.0007977682568578989
28 0.0007977682568578989
267 0.0007977682568578989
331 0.0007977682568578989
26 0.000798557148249784
187 0.0007977682568578989
82 0.0009359599321963415
502 0.0007977682568578989
801 0.0007977682568578989
762 0.0020974687086397614
388 0.0007977682568578989
776 0.0007977682568578989
608 0.002074319417480842
418 0.0014855710679825735
759 0.0007977682568578989
287 0.0007977682568578989
128 0.0007977682568578989
157 0.000798557148249784
651 0.0007977682568578989
398 0.0010265467605045815
584 0.0014855710679825714
263 0.000798557148249784
369 0.000798557148249784
715 0.000798557148249784
526 0.0007977682568578989
539 0.0007977682568578989
301 0.0007977682568578989
100 0.0007977682568578989
306 0.0007977682568578989
461 0.0007977682568578989
39 0.000798557148249784
150 0.0007977682568578989
656 0.0007977682568578989
451 0.0007977682568578989
214 0.0007977682568578989
733 0.0007977682568578989
89 0.000798557148249784
849 0.000798557148249784
112 0.0007977682568578989
337 0.000798557148249784
586 0.0007977682568578989
458 0.0007977682568578989
20 0.0007977682568578989
535 0.0007977682568578989
558 0.0007977682568578989
677 0.0007977682568578989
217 0.0007977682568578989
69 0.0007977682568578989
657 0.0007977682568578989
726 0.0009359599321963415
578 0.000798557148249784
345 0.0007977682568578989
465 0.0007977682568578989
606 0.0007977682568578989
408 0.001140936012327926
178 0.0011830942730195653
357 0.0012402089537922915
169 0.0007977682568578989
342 0.0007977682568578989
372 0.0007977682568578989
197 0.005469238339660756
46 0.0007977682568578989
271 0.0011409360123279234
88 0.0007977682568578989
373 0.000798557148249784
734 0.0007977682568578989
751 0.0007977682568578989
775 0.0007977682568578989
419 0.000798557148249784
184 0.000798557148249784
221 0.000798557148249784
445 0.0007977682568578989
839 0.0009350353590459086
115 0.0007977682568578989
147 0.002704140368475162
829 0.0007977682568578989
349 0.0007977682568578989
673 0.0007977682568578989
830 0.0007977682568578989
399 0.0014841037677979473
719 0.0022432705999230976
846 0.0007977682568578989
546 0.0007977682568578989
463 0.0019521594055985439
740 0.000798557148249784
203 0.0015183931352403422
397 0.0007977682568578989
417 0.0007977682568578989
680 0.0007977682568578989
167 0.0007977682568578989
710 0.0007977682568578989
490 0.0007977682568578989
847 0.003770344311004709
862 0.0007977682568578989
433 0.0012657059347819751
811 0.0007977682568578989
832 0.0007977682568578989
771 0.0011409360123279262
61 0.000798557148249784
650 0.0011420641081161778
10 0.0007977682568578989
752 0.0007977682568578989
330 0.0012399801113820805
704 0.0007977682568578989
645 0.0007977682568578989
35 0.0007977682568578989
13 0.000798557148249784
610 0.0007977682568578989
639 0.0007977682568578989
22 0.0007977682568578989
333 0.0007977682568578989
730 0.001485571067982572
506 0.0011409360123279231
636 0.0007977682568578989
589 0.0007977682568578989
802 0.001484103767797947
81 0.0007977682568578989
646 0.0037887835106462124
423 0.0007977682568578989
288 0.0007977682568578989
119 0.0007977682568578989
816 0.0010275617881607129
360 0.000798557148249784
87 0.0007977682568578989
618 0.0007977682568578989
756 0.0007977682568578989
327 0.0007977682568578989
861 0.0007977682568578989
597 0.000798557148249784
352 0.0007977682568578989
473 0.000798557148249784
556 0.0007977682568578989
8 0.0008967019939258964
475 0.0007977682568578989
436 0.0007977682568578989
353 0.002823196832547851
705 0.000798557148249784
573 0.000798557148249784
85 0.003098863951901815
84 0.000798557148249784
619 0.0007977682568578989
79 0.0007977682568578989
37 0.0007977682568578989
486 0.0007977682568578989
591 0.0007977682568578989
798 0.0007977682568578989
393 0.0007977682568578989
38 0.0007977682568578989
278 0.0007977682568578989
605 0.0007977682568578989
720 0.0007977682568578989
428 0.0007977682568578989
812 0.0007977682568578989
528 0.0007977682568578989
484 0.0007977682568578989
302 0.0007977682568578989
582 0.0007977682568578989
213 0.0007977682568578989
567 0.0007977682568578989
850 0.0007977682568578989
686 0.0007977682568578989
329 0.0010275617881607129
7 0.000798557148249784
348 0.001593175676892567
208 0.0007977682568578989
694 0.0007977682568578989
211 0.0007977682568578989
492 0.0007977682568578989
370 0.000798557148249784
870 0.0009914102929400516
19 0.000798557148249784
156 0.000798557148249784
254 0.0007977682568578989
452 0.000798557148249784
363 0.0007977682568578989
0 0.002100281997274026
653 0.0009703106281829808
664 0.0007977682568578989
380 0.0007977682568578989
731 0.0007977682568578989
562 0.000798557148249784
674 0.0007977682568578989
95 0.0007977682568578989
470 0.0012192097685854127
340 0.0007977682568578989
60 0.000798557148249784
235 0.0007977682568578989
583 0.0007977682568578989
659 0.0007977682568578989
866 0.0007977682568578989
199 0.0007977682568578989
364 0.0007977682568578989
525 0.0007977682568578989
770 0.0007977682568578989
75 0.0007977682568578989
550 0.0007977682568578989
501 0.000798557148249784
593 0.001485571067982572
784 0.0007977682568578989
274 0.0010275617881607129
531 0.000798557148249784
642 0.0007977682568578989
73 0.0014855710679825722
557 0.0007977682568578989
538 0.0007977682568578989
554 0.000798557148249784
146 0.000798557148249784
670 0.000798557148249784
660 0.0007977682568578989
580 0.0007977682568578989
815 0.0007977682568578989
449 0.0007977682568578989
297 0.000798557148249784
833 0.0007977682568578989
14 0.000798557148249784
175 0.0007977682568578989
760 0.0007977682568578989
634 0.0007977682568578989
206 0.0007977682568578989
534 0.0007977682568578989
600 0.0007977682568578989
594 0.000798557148249784
778 0.0007977682568578989
643 0.0007977682568578989
51 0.000798557148249784
407 0.0007977682568578989
207 0.000798557148249784
453 0.0007977682568578989
795 0.0016825012723818932
123 0.0007977682568578989
57 0.0009367498274180281
843 0.0007977682568578989
103 0.0007977682568578989
622 0.0007977682568578989
799 0.000798557148249784
1 0.0007977682568578989
477 0.0007977682568578989
52 0.000798557148249784
171 0.000798557148249784
521 0.000798557148249784
800 0.000798557148249784
131 0.0007977682568578989
170 0.0007977682568578989
644 0.0007977682568578989
638 0.0007977682568578989
518 0.0009703106281829808
540 0.000798557148249784
385 0.0007977682568578989
344 0.0007977682568578989
401 0.0007977682568578989
296 0.0007977682568578989
637 0.0007977682568578989
212 0.0007977682568578989
90 0.0007977682568578989
675 0.000798557148249784
326 0.0014855710679825718
604 0.002516091947581747
854 0.004836183324207146
292 0.001485571067982572
415 0.0008967019939258964
44 0.0018366138127837192
611 0.000798557148249784
141 0.0007977682568578989
766 0.0025733431075594788
617 0.0007977682568578989
748 0.000798557148249784
570 0.000798557148249784
695 0.000798557148249784
305 0.0007977682568578989
442 0.0007977682568578989
224 0.0007977682568578989
387 0.0007977682568578989
153 0.0019015846755506972
585 0.0013710687480271069
517 0.000798557148249784
74 0.0011420641081161778
509 0.000798557148249784
253 0.000798557148249784
230 0.0009703106281829808
365 0.0007977682568578989
390 0.000798557148249784
384 0.0007977682568578989
58 0.0007977682568578989
698 0.000798557148249784
542 0.000798557148249784
741 0.0014855710679825712
565 0.0007977682568578989
497 0.0010275617881607129
196 0.0007977682568578989
362 0.0007977682568578989
403 0.00143745941471517
80 0.000798557148249784
727 0.000798557148249784
202 0.0009703106281829808
863 0.0007977682568578989
117 0.000798557148249784
261 0.0010275617881607129
188 0.000798557148249784
601 0.0011420641081161778
383 0.000798557148249784
138 0.0007977682568578989
717 0.0007977682568578989
269 0.000798557148249784
690 0.000798557148249784
745 0.000798557148249784
259 0.0007977682568578989
54 0.002170439278737986
320 0.000798557148249784
804 0.0007977682568578989
76 0.0007977682568578989
229 0.0007977682568578989
852 0.0007977682568578989
435 0.00143745941471517
163 0.000798557148249784
31 0.0007977682568578989
455 0.001485571067982572
549 0.000798557148249784
838 0.0007977682568578989
251 0.000798557148249784
823 0.0007977682568578989
707 0.000798557148249784
17 0.0009703106281829808
420 0.0007977682568578989
394 0.001485571067982571
625 0.0007977682568578989
166 0.000798557148249784
247 0.0007977682568578989
231 0.0007977682568578989
324 0.000798557148249784
277 0.000798557148249784
86 0.000798557148249784
806 0.0007977682568578989
78 0.000798557148249784
647 0.000798557148249784
303 0.0007977682568578989
791 0.000798557148249784
307 0.0007977682568578989
629 0.0010265467605045815
192 0.0007977682568578989
692 0.000798557148249784
113 0.000798557148249784
543 0.000798557148249784
753 0.0007977682568578989
454 0.0007977682568578989
165 0.000798557148249784
266 0.0007977682568578989
658 0.0007977682568578989
2 0.0007977682568578989
322 0.0007977682568578989
505 0.0007977682568578989
498 0.000798557148249784
706 0.0007977682568578989
772 0.0007977682568578989
343 0.0007977682568578989
844 0.0008967019939258964
430 0.0014855710679825714
551 0.0011409360123279231
411 0.000798557148249784
566 0.0014855710679825712
130 0.000798557148249784
825 0.0021725849877153574
149 0.000798557148249784
262 0.0007977682568578989
701 0.010613682228908137
194 0.000798557148249784
848 0.0007977682568578989
599 0.0007977682568578989
215 0.0007977682568578989
323 0.0007977682568578989
325 0.0007977682568578989
317 0.000798557148249784
853 0.000798557148249784
444 0.0014855710679825712
30 0.000798557148249784
796 0.0007977682568578989
219 0.000798557148249784
152 0.000798557148249784
426 0.0007977682568578989
743 0.0007977682568578989
4 0.000798557148249784
495 0.0007977682568578989
439 0.0007977682568578989
678 0.000798557148249784
735 0.0007977682568578989
290 0.000798557148249784
332 0.000798557148249784
289 0.000798557148249784
257 0.000798557148249784
183 0.0007977682568578989
708 0.0007977682568578989
358 0.000798557148249784
129 0.0007977682568578989
655 0.0007977682568578989
712 0.0007977682568578989
513 0.0007977682568578989
598 0.000798557148249784
814 0.0007977682568578989
592 0.0007977682568578989
351 0.0007977682568578989
182 0.000798557148249784
696 0.000798557148249784
29 0.000798557148249784
441 0.000798557148249784
481 0.000798557148249784
691 0.000798557148249784
588 0.000798557148249784
226 0.0007977682568578989
522 0.0007977682568578989
699 0.0007977682568578989
464 0.0007977682568578989
737 0.000798557148249784
514 0.0007977682568578989
40 0.0007977682568578989
544 0.0007977682568578989
738 0.0007977682568578989
687 0.0007977682568578989
620 0.000798557148249784
476 0.000798557148249784
716 0.0007977682568578989
137 0.000798557148249784
241 0.0007977682568578989
553 0.0007977682568578989
334 0.0007977682568578989
11 0.0010275617881607124
864 0.0007977682568578989
413 0.000798557148249784
424 0.000798557148249784
189 0.0010265467605045822
434 0.000798557148249784
858 0.0007977682568578989
143 0.000798557148249784
25 0.000798557148249784
537 0.000798557148249784
273 0.0007977682568578989
127 0.000798557148249784
693 0.000798557148249784
400 0.000798557148249784
754 0.0007977682568578989
432 0.000798557148249784
467 0.0007977682568578989
842 0.000798557148249784
338 0.0007977682568578989
626 0.000798557148249784
668 0.0007977682568578989
16 0.0007977682568578989
376 0.000798557148249784
308 0.000798557148249784
98 0.000798557148249784
822 0.000798557148249784
316 0.0007977682568578989
429 0.0007977682568578989
293 0.000798557148249784
227 0.0007977682568578989
56 0.000798557148249784
318 0.000798557148249784
845 0.000798557148249784
286 0.000798557148249784
859 0.000798557148249784
155 0.0007977682568578989
389 0.000798557148249784
471 0.000798557148249784
371 0.0007977682568578989
572 0.000798557148249784
767 0.0007977682568578989
676 0.000798557148249784
836 0.000798557148249784
321 0.000798557148249784
672 0.0007977682568578989
607 0.0007977682568578989
239 0.0007977682568578989
110 0.0007977682568578989
820 0.0007977682568578989
68 0.0007977682568578989
