0 0.009345794392523353
1 0.009345794392523353
2 0.009345794392523353
3 0.009345794392523353
4 0.009345794392523353
5 0.009345794392523353
6 0.009345794392523353
7 0.009345794392523353
8 0.009345794392523353
9 0.009345794392523353
10 0.009345794392523353
11 0.009345794392523353
12 0.009345794392523353
13 0.009345794392523353
14 0.009345794392523353
15 0.009345794392523353
16 0.009345794392523353
17 0.009345794392523353
18 0.009345794392523353
19 0.009345794392523353
20 0.009345794392523353
21 0.009345794392523353
22 0.009345794392523353
23 0.009345794392523352
24 0.009345794392523352
25 0.009345794392523352
26 0.009345794392523352
27 0.009345794392523352
28 0.009345794392523352
29 0.009345794392523352
30 0.009345794392523352
31 0.009345794392523352
32 0.009345794392523352
33 0.009345794392523352
34 0.009345794392523352
35 0.009345794392523352
36 0.009345794392523352
37 0.009345794392523352
38 0.009345794392523352
39 0.009345794392523352
40 0.009345794392523352
41 0.009345794392523352
42 0.009345794392523352
43 0.009345794392523352
44 0.009345794392523352
45 0.009345794392523353
46 0.009345794392523353
47 0.009345794392523353
48 0.009345794392523353
49 0.009345794392523353
50 0.009345794392523353
51 0.009345794392523353
52 0.009345794392523353
53 0.009345794392523353
54 0.009345794392523353
55 0.009345794392523353
56 0.009345794392523353
57 0.009345794392523353
58 0.009345794392523353
59 0.009345794392523353
60 0.009345794392523353
61 0.009345794392523353
62 0.009345794392523353
63 0.009345794392523353
64 0.009345794392523353
65 0.009345794392523353
66 0.009345794392523353
67 0.009345794392523353
68 0.009345794392523353
69 0.009345794392523353
70 0.009345794392523353
71 0.009345794392523353
72 0.009345794392523353
73 0.009345794392523353
74 0.009345794392523353
75 0.009345794392523353
76 0.009345794392523353
77 0.009345794392523353
78 0.009345794392523353
79 0.009345794392523353
80 0.009345794392523353
81 0.009345794392523353
82 0.009345794392523353
83 0.009345794392523353
84 0.009345794392523353
85 0.009345794392523353
86 0.009345794392523353
87 0.009345794392523353
88 0.009345794392523353
89 0.009345794392523353
90 0.009345794392523353
91 0.009345794392523353
92 0.009345794392523353
93 0.009345794392523353
94 0.009345794392523353
95 0.009345794392523353
96 0.009345794392523353
97 0.009345794392523353
98 0.009345794392523353
99 0.009345794392523353
100 0.009345794392523353
101 0.009345794392523353
102 0.009345794392523353
103 0.009345794392523353
104 0.009345794392523353
105 0.009345794392523353
106 0.009345794392523353
