welcom 0 1.0986122886681098 
hello 0 1.0986122886681098 
hi 0 0.0 1 0.0 2 0.0 
xml 0 1.0986122886681098 
file 0 1.0986122886681098 
nice 0 1.0986122886681098 
wonder 0 0.4054651081081644 1 0.2027325540540822 
brought 0 1.0986122886681098 
hope 0 1.0986122886681098 
eat 0 1.0986122886681098 
well 0 1.0986122886681098 
come 0 1.0986122886681098 
camp 1 0.5493061443340549 
jump 1 0.2027325540540822 2 0.4054651081081644 
see 1 0.5493061443340549 
ok 1 0.5493061443340549 
bye 1 0.5493061443340549 
excit 1 0.5493061443340549 
thank 1 0.5493061443340549 
